In	v1	v2
-0.0006	-5.80e-01	3.40e+00
-0.000598999165971643	-5.20e-01	3.00e+00
-0.000597998331943286	-5.20e-01	3.20e+00
-0.0005969974979149291	-5.60e-01	3.00e+00
-0.0005959966638865721	-5.60e-01	3.20e+00
-0.0005949958298582151	-5.00e-01	2.80e+00
-0.0005939949958298582	-5.40e-01	3.20e+00
-0.0005929941618015012	-4.80e-01	2.80e+00
-0.0005919933277731442	-4.80e-01	3.00e+00
-0.0005909924937447873	-5.40e-01	2.80e+00
-0.0005899916597164304	-5.20e-01	3.00e+00
-0.0005889908256880733	-4.60e-01	2.60e+00
-0.0005879899916597164	-5.00e-01	2.80e+00
-0.0005869891576313595	-4.60e-01	2.60e+00
-0.0005859883236030024	-5.00e-01	2.80e+00
-0.0005849874895746455	-4.40e-01	2.40e+00
-0.0005839866555462886	-4.80e-01	2.40e+00
-0.0005829858215179315	-4.20e-01	2.80e+00
-0.0005819849874895746	-4.20e-01	2.20e+00
-0.0005809841534612176	-4.80e-01	2.80e+00
-0.0005799833194328606	-4.60e-01	2.20e+00
-0.0005789824854045037	-4.00e-01	2.60e+00
-0.0005779816513761467	-4.40e-01	2.60e+00
-0.0005769808173477898	-3.80e-01	2.20e+00
-0.0005759799833194328	-4.40e-01	2.20e+00
-0.0005749791492910758	-3.80e-01	2.40e+00
-0.0005739783152627189	-4.20e-01	2.40e+00
-0.0005729774812343619	-3.60e-01	2.00e+00
-0.0005719766472060049	-3.60e-01	2.40e+00
-0.000570975813177648	-4.20e-01	2.00e+00
-0.000569974979149291	-4.00e-01	2.20e+00
-0.000568974145120934	-3.40e-01	2.00e+00
-0.0005679733110925771	-3.40e-01	2.20e+00
-0.0005669724770642202	-3.80e-01	1.80e+00
-0.0005659716430358631	-3.80e-01	2.20e+00
-0.0005649708090075062	-3.20e-01	1.60e+00
-0.0005639699749791493	-3.20e-01	2.00e+00
-0.0005629691409507922	-3.60e-01	1.60e+00
-0.0005619683069224353	-3.60e-01	2.00e+00
-0.0005609674728940784	-3.00e-01	1.60e+00
-0.0005599666388657214	-3.00e-01	1.60e+00
-0.0005589658048373644	-3.40e-01	2.00e+00
-0.0005579649708090075	-3.40e-01	1.60e+00
-0.0005569641367806505	-2.80e-01	1.60e+00
-0.0005559633027522935	-2.80e-01	1.60e+00
-0.0005549624687239366	-3.20e-01	1.20e+00
-0.0005539616346955796	-3.20e-01	1.60e+00
-0.0005529608006672226	-2.60e-01	1.20e+00
-0.0005519599666388657	-2.60e-01	1.40e+00
-0.0005509591326105087	-3.00e-01	1.20e+00
-0.0005499582985821518	-3.00e-01	1.00e+00
-0.0005489574645537948	-2.40e-01	1.60e+00
-0.0005479566305254378	-2.80e-01	1.40e+00
-0.0005469557964970809	-2.40e-01	1.00e+00
-0.0005459549624687239	-2.80e-01	1.20e+00
-0.0005449541284403669	-2.20e-01	1.00e+00
-0.00054395329441201	-2.60e-01	1.20e+00
-0.000542952460383653	-2.00e-01	1.00e+00
-0.000541951626355296	-2.40e-01	1.20e+00
-0.0005409507923269391	-2.00e-01	8.00e-01
-0.000539949958298582	-2.40e-01	1.20e+00
-0.0005389491242702251	-1.80e-01	8.00e-01
-0.0005379482902418682	-2.40e-01	1.00e+00
-0.0005369474562135113	-1.60e-01	8.00e-01
-0.0005359466221851542	-1.60e-01	6.00e-01
-0.0005349457881567973	-2.20e-01	1.20e+00
-0.0005339449541284403	-2.00e-01	1.00e+00
-0.0005329441201000833	-1.40e-01	6.00e-01
-0.0005319432860717264	-1.80e-01	6.00e-01
-0.0005309424520433694	-1.20e-01	8.00e-01
-0.0005299416180150125	-1.60e-01	8.00e-01
-0.0005289407839866555	-1.20e-01	4.00e-01
-0.0005279399499582985	-1.60e-01	8.00e-01
-0.0005269391159299416	-1.00e-01	4.00e-01
-0.0005259382819015846	-1.40e-01	6.00e-01
-0.0005249374478732276	-1.00e-01	4.00e-01
-0.0005239366138448707	-1.40e-01	6.00e-01
-0.0005229357798165138	-8.00e-02	4.00e-01
-0.0005219349457881567	-8.00e-02	6.00e-01
-0.0005209341117597998	-1.40e-01	2.00e-01
-0.0005199332777314429	-1.20e-01	6.00e-01
-0.0005189324437030858	-6.00e-02	2.00e-01
-0.0005179316096747289	-1.00e-01	2.00e-01
-0.000516930775646372	-6.00e-02	4.00e-01
-0.0005159299416180149	-1.00e-01	4.00e-01
-0.000514929107589658	-4.00e-02	0.00e+00
-0.0005139282735613011	-8.00e-02	4.00e-01
-0.000512927439532944	-4.00e-02	0.00e+00
-0.0005119266055045871	-8.00e-02	0.00e+00
-0.0005109257714762302	-2.00e-02	2.00e-01
-0.0005099249374478732	-2.00e-02	0.00e+00
-0.0005089241034195162	-6.00e-02	2.00e-01
-0.0005079232693911593	-6.00e-02	2.00e-01
-0.0005069224353628023	0.00e+00	-2.00e-01
-0.0005059216013344453	-4.00e-02	-2.00e-01
-0.0005049207673060883	2.00e-02	2.00e-01
-0.0005039199332777314	-4.00e-02	-2.00e-01
-0.0005029190992493745	2.00e-02	0.00e+00
-0.0005019182652210175	2.00e-02	-2.00e-01
-0.0005009174311926605	-2.00e-02	-4.00e-01
-0.0004999165971643036	-2.00e-02	-2.00e-01
-0.0004989157631359465	4.00e-02	-6.00e-01
-0.0004979149291075896	4.00e-02	-6.00e-01
-0.0004969140950792327	0.00e+00	-2.00e-01
-0.0004959132610508757	0.00e+00	-4.00e-01
-0.0004949124270225187	6.00e-02	-6.00e-01
-0.0004939115929941618	2.00e-02	-4.00e-01
-0.0004929107589658047	8.00e-02	-8.00e-01
-0.0004919099249374478	8.00e-02	-4.00e-01
-0.0004909090909090909	2.00e-02	-8.00e-01
-0.0004899082568807339	4.00e-02	-4.00e-01
-0.0004889074228523769	1.20e-01	-1.00e+00
-0.00048790658882402	4.00e-02	-6.00e-01
-0.000486905754795663	1.20e-01	-8.00e-01
-0.00048590492076730604	8.00e-02	-6.00e-01
-0.0004849040867389491	1.40e-01	-1.00e+00
-0.00048390325271059214	8.00e-02	-6.00e-01
-0.00048290241868223515	1.40e-01	-1.00e+00
-0.0004819015846538782	1.00e-01	-8.00e-01
-0.00048090075062552125	1.60e-01	-1.00e+00
-0.00047989991659716427	1.60e-01	-8.00e-01
-0.0004788990825688073	1.00e-01	-1.20e+00
-0.0004778982485404503	1.20e-01	-1.20e+00
-0.0004768974145120934	1.80e-01	-8.00e-01
-0.0004758965804837364	1.40e-01	-1.40e+00
-0.0004748957464553794	1.80e-01	-8.00e-01
-0.0004738949124270225	1.40e-01	-1.00e+00
-0.0004728940783986655	2.00e-01	-1.20e+00
-0.0004718932443703085	2.00e-01	-1.00e+00
-0.0004708924103419516	1.40e-01	-1.40e+00
-0.0004698915763135946	1.60e-01	-1.40e+00
-0.00046889074228523763	2.20e-01	-1.00e+00
-0.0004678899082568807	2.20e-01	-1.20e+00
-0.0004668890742285237	1.80e-01	-1.40e+00
-0.00046588824020016675	1.80e-01	-1.20e+00
-0.0004648874061718098	2.40e-01	-1.60e+00
-0.00046388657214345284	2.40e-01	-1.60e+00
-0.00046288573811509586	2.00e-01	-1.20e+00
-0.00046188490408673893	2.00e-01	-1.40e+00
-0.00046088407005838195	2.60e-01	-1.60e+00
-0.00045988323603002497	2.20e-01	-1.40e+00
-0.00045888240200166804	2.80e-01	-1.80e+00
-0.00045788156797331106	2.20e-01	-1.40e+00
-0.0004568807339449541	2.80e-01	-1.80e+00
-0.00045587989991659715	2.80e-01	-1.40e+00
-0.00045487906588824017	2.40e-01	-1.80e+00
-0.0004538782318598832	2.40e-01	-1.80e+00
-0.00045287739783152626	3.00e-01	-1.60e+00
-0.0004518765638031693	2.60e-01	-1.60e+00
-0.0004508757297748123	3.20e-01	-2.00e+00
-0.00044987489574645537	2.60e-01	-2.00e+00
-0.0004488740617180984	3.20e-01	-1.60e+00
-0.0004478732276897414	2.80e-01	-2.00e+00
-0.0004468723936613845	3.40e-01	-2.00e+00
-0.00044587155963302745	3.00e-01	-2.00e+00
-0.0004448707256046705	3.40e-01	-2.40e+00
-0.0004438698915763136	3.00e-01	-2.00e+00
-0.00044286905754795656	3.60e-01	-2.40e+00
-0.00044186822351959963	3.20e-01	-2.20e+00
-0.0004408673894912427	3.80e-01	-2.40e+00
-0.00043986655546288567	3.40e-01	-2.20e+00
-0.00043886572143452874	4.00e-01	-2.60e+00
-0.0004378648874061718	3.40e-01	-2.20e+00
-0.0004368640533778148	4.00e-01	-2.60e+00
-0.00043586321934945785	3.60e-01	-2.60e+00
-0.00043486238532110087	4.20e-01	-2.20e+00
-0.0004338615512927439	4.20e-01	-2.40e+00
-0.00043286071726438696	3.60e-01	-2.80e+00
-0.00043185988323603	3.80e-01	-2.40e+00
-0.000430859049207673	4.40e-01	-2.80e+00
-0.0004298582151793161	4.00e-01	-3.00e+00
-0.0004288573811509591	4.40e-01	-2.40e+00
-0.0004278565471226021	4.00e-01	-2.60e+00
-0.0004268557130942452	4.60e-01	-3.00e+00
-0.0004258548790658882	4.60e-01	-2.60e+00
-0.0004248540450375312	4.20e-01	-3.00e+00
-0.0004238532110091743	4.20e-01	-3.00e+00
-0.0004228523769808173	4.80e-01	-2.80e+00
-0.00042185154295246033	4.40e-01	-2.80e+00
-0.0004208507089241034	4.80e-01	-3.20e+00
-0.0004198498748957464	4.40e-01	-3.20e+00
-0.00041884904086738944	5.00e-01	-2.80e+00
-0.0004178482068390325	4.60e-01	-3.00e+00
-0.00041684737281067553	5.00e-01	-3.40e+00
-0.00041584653878231855	4.60e-01	-3.40e+00
-0.0004148457047539616	5.20e-01	-3.00e+00
-0.00041384487072560465	4.80e-01	-3.20e+00
-0.00041284403669724766	5.40e-01	-3.60e+00
-0.00041184320266889074	4.80e-01	-3.20e+00
-0.00041084236864053376	5.40e-01	-3.60e+00
-0.0004098415346121768	5.00e-01	-3.60e+00
-0.00040884070058381985	5.60e-01	-3.20e+00
-0.00040783986655546287	5.00e-01	-3.40e+00
-0.0004068390325271059	5.60e-01	-3.80e+00
-0.00040583819849874896	5.20e-01	-3.40e+00
-0.0004048373644703919	5.80e-01	-3.80e+00
-0.000403836530442035	5.20e-01	-3.80e+00
-0.00040283569641367807	5.80e-01	-3.40e+00
-0.00040183486238532103	5.40e-01	-3.80e+00
-0.0004008340283569641	6.00e-01	-4.20e+00
-0.0003998331943286072	5.40e-01	-3.80e+00
-0.00039883236030025014	6.00e-01	-4.20e+00
-0.0003978315262718932	5.60e-01	-3.80e+00
-0.00039683069224353624	6.20e-01	-4.40e+00
-0.00039582985821517926	5.80e-01	-4.00e+00
-0.00039482902418682233	6.40e-01	-4.40e+00
-0.00039382819015846535	6.40e-01	-4.00e+00
-0.00039282735613010837	5.80e-01	-4.40e+00
-0.00039182652210175144	6.20e-01	-4.20e+00
-0.00039082568807339446	6.60e-01	-4.60e+00
-0.0003898248540450375	6.20e-01	-4.20e+00
-0.00038882402001668055	6.80e-01	-4.60e+00
-0.00038782318598832357	6.80e-01	-4.40e+00
-0.0003868223519599666	6.40e-01	-4.80e+00
-0.00038582151793160966	6.40e-01	-4.40e+00
-0.0003848206839032527	7.00e-01	-4.80e+00
-0.0003838198498748957	6.60e-01	-4.40e+00
-0.00038281901584653877	7.00e-01	-5.00e+00
-0.0003818181818181818	6.60e-01	-4.60e+00
-0.0003808173477898248	7.20e-01	-5.00e+00
-0.0003798165137614679	6.80e-01	-4.60e+00
-0.0003788156797331109	7.20e-01	-5.00e+00
-0.0003778148457047539	6.80e-01	-4.80e+00
-0.000376814011676397	7.40e-01	-5.20e+00
-0.00037581317764804	7.00e-01	-5.20e+00
-0.00037481234361968303	7.60e-01	-4.80e+00
-0.0003738115095913261	7.00e-01	-5.00e+00
-0.0003728106755629691	7.60e-01	-5.40e+00
-0.00037180984153461214	7.60e-01	-5.40e+00
-0.0003708090075062552	7.00e-01	-5.00e+00
-0.00036980817347789823	7.20e-01	-5.20e+00
-0.00036880733944954125	7.80e-01	-5.60e+00
-0.0003678065054211843	7.80e-01	-5.20e+00
-0.0003668056713928273	7.40e-01	-5.60e+00
-0.00036580483736447036	7.40e-01	-5.40e+00
-0.00036480400333611343	8.00e-01	-6.00e+00
-0.0003638031693077564	7.60e-01	-5.60e+00
-0.00036280233527939947	8.20e-01	-6.00e+00
-0.00036180150125104255	7.60e-01	-6.00e+00
-0.0003608006672226855	8.20e-01	-5.60e+00
-0.0003597998331943286	7.80e-01	-5.80e+00
-0.00035879899916597166	8.40e-01	-6.20e+00
-0.0003577981651376146	7.80e-01	-5.80e+00
-0.0003567973311092577	8.40e-01	-6.40e+00
-0.0003557964970809007	8.00e-01	-6.00e+00
-0.0003547956630525438	8.60e-01	-6.40e+00
-0.0003537948290241868	8.60e-01	-6.20e+00
-0.0003527939949958298	8.20e-01	-6.60e+00
-0.00035179316096747284	8.20e-01	-6.60e+00
-0.0003507923269391159	8.80e-01	-6.20e+00
-0.00034979149291075893	8.40e-01	-6.40e+00
-0.00034879065888240195	9.00e-01	-6.80e+00
-0.000347789824854045	8.40e-01	-6.40e+00
-0.00034678899082568804	9.00e-01	-7.00e+00
-0.00034578815679733106	8.60e-01	-6.60e+00
-0.00034478732276897414	9.20e-01	-7.00e+00
-0.00034378648874061716	8.80e-01	-6.60e+00
-0.0003427856547122602	9.40e-01	-7.20e+00
-0.00034178482068390325	9.00e-01	-6.80e+00
-0.00034078398665554627	9.40e-01	-7.20e+00
-0.0003397831526271893	9.00e-01	-7.00e+00
-0.00033878231859883236	9.60e-01	-7.40e+00
-0.0003377814845704754	9.60e-01	-7.00e+00
-0.0003367806505421184	9.20e-01	-7.60e+00
-0.00033577981651376147	9.20e-01	-7.40e+00
-0.0003347789824854045	9.80e-01	-7.80e+00
-0.0003337781484570475	9.80e-01	-7.40e+00
-0.0003327773144286905	9.40e-01	-8.00e+00
-0.0003317764804003336	9.40e-01	-7.60e+00
-0.0003307756463719766	1.00e+00	-8.00e+00
-0.00032977481234361964	9.60e-01	-7.60e+00
-0.0003287739783152627	1.00e+00	-8.20e+00
-0.00032777314428690573	9.60e-01	-7.80e+00
-0.00032677231025854875	1.02e+00	-8.20e+00
-0.0003257714762301918	9.80e-01	-8.40e+00
-0.00032477064220183484	1.04e+00	-8.00e+00
-0.00032376980817347786	9.80e-01	-8.60e+00
-0.00032276897414512093	1.04e+00	-8.00e+00
-0.00032176814011676395	1.04e+00	-8.20e+00
-0.00032076730608840697	1.00e+00	-8.80e+00
-0.00031976647206005004	1.00e+00	-8.40e+00
-0.00031876563803169306	1.06e+00	-8.80e+00
-0.0003177648040033361	1.02e+00	-8.40e+00
-0.00031676396997497915	1.08e+00	-9.00e+00
-0.00031576313594662217	1.02e+00	-8.60e+00
-0.0003147623019182652	1.08e+00	-9.20e+00
-0.0003137614678899082	1.04e+00	-8.80e+00
-0.0003127606338615513	1.10e+00	-9.20e+00
-0.0003117597998331943	1.10e+00	-9.00e+00
-0.0003107589658048373	1.04e+00	-9.60e+00
-0.0003097581317764804	1.06e+00	-9.20e+00
-0.0003087572977481234	1.12e+00	-9.60e+00
-0.00030775646371976643	1.06e+00	-9.40e+00
-0.0003067556296914095	1.12e+00	-9.80e+00
-0.0003057547956630525	1.08e+00	-9.40e+00
-0.00030475396163469554	1.14e+00	-1.00e+01
-0.0003037531276063386	1.08e+00	-9.60e+00
-0.00030275229357798163	1.16e+00	-1.00e+01
-0.00030175145954962465	1.10e+00	-9.80e+00
-0.0003007506255212677	1.18e+00	-1.02e+01
-0.00029974979149291074	1.18e+00	-1.04e+01
-0.00029874895746455376	1.12e+00	-9.80e+00
-0.00029774812343619683	1.14e+00	-1.00e+01
-0.00029674728940783985	1.20e+00	-1.06e+01
-0.00029574645537948287	1.20e+00	-1.02e+01
-0.00029474562135112594	1.14e+00	-1.08e+01
-0.00029374478732276896	1.16e+00	-1.08e+01
-0.000292743953294412	1.22e+00	-1.02e+01
-0.000291743119266055	1.18e+00	-1.04e+01
-0.0002907422852376981	1.22e+00	-1.10e+01
-0.0002897414512093411	1.18e+00	-1.06e+01
-0.0002887406171809841	1.24e+00	-1.12e+01
-0.0002877397831526272	1.24e+00	-1.08e+01
-0.0002867389491242702	1.20e+00	-1.14e+01
-0.0002857381150959132	1.20e+00	-1.10e+01
-0.0002847372810675563	1.26e+00	-1.16e+01
-0.0002837364470391993	1.20e+00	-1.12e+01
-0.00028273561301084233	1.28e+00	-1.16e+01
-0.0002817347789824854	1.22e+00	-1.12e+01
-0.0002807339449541284	1.28e+00	-1.18e+01
-0.00027973311092577144	1.28e+00	-1.14e+01
-0.0002787322768974145	1.24e+00	-1.20e+01
-0.00027773144286905754	1.24e+00	-1.16e+01
-0.00027673060884070055	1.30e+00	-1.22e+01
-0.00027572977481234363	1.30e+00	-1.16e+01
-0.00027472894078398665	1.26e+00	-1.24e+01
-0.00027372810675562966	1.26e+00	-1.24e+01
-0.0002727272727272727	1.32e+00	-1.18e+01
-0.00027172643869891576	1.28e+00	-1.20e+01
-0.0002707256046705588	1.34e+00	-1.26e+01
-0.0002697247706422018	1.28e+00	-1.22e+01
-0.00026872393661384487	1.34e+00	-1.28e+01
-0.0002677231025854879	1.30e+00	-1.24e+01
-0.0002667222685571309	1.36e+00	-1.30e+01
-0.000265721434528774	1.30e+00	-1.26e+01
-0.000264720600500417	1.36e+00	-1.32e+01
-0.00026371976647206	1.32e+00	-1.28e+01
-0.0002627189324437031	1.38e+00	-1.32e+01
-0.0002617180984153461	1.32e+00	-1.28e+01
-0.0002607172643869891	1.38e+00	-1.36e+01
-0.0002597164303586322	1.34e+00	-1.30e+01
-0.0002587155963302752	1.40e+00	-1.36e+01
-0.00025771476230191824	1.36e+00	-1.32e+01
-0.0002567139282735613	1.42e+00	-1.38e+01
-0.00025571309424520433	1.36e+00	-1.34e+01
-0.00025471226021684735	1.44e+00	-1.40e+01
-0.00025371142618849037	1.38e+00	-1.40e+01
-0.00025271059216013344	1.44e+00	-1.34e+01
-0.00025170975813177646	1.40e+00	-1.36e+01
-0.0002507089241034195	1.44e+00	-1.42e+01
-0.00024970809007506255	1.44e+00	-1.36e+01
-0.00024870725604670557	1.38e+00	-1.42e+01
-0.0002477064220183486	1.42e+00	-1.40e+01
-0.00024670558798999166	1.36e+00	-1.34e+01
-0.0002457047539616347	1.40e+00	-1.38e+01
-0.0002447039199332777	1.34e+00	-1.32e+01
-0.00024370308590492077	1.34e+00	-1.36e+01
-0.0002427022518765638	1.40e+00	-1.30e+01
-0.0002417014178482068	1.38e+00	-1.34e+01
-0.00024070058381984988	1.32e+00	-1.28e+01
-0.0002396997497914929	1.36e+00	-1.32e+01
-0.00023869891576313592	1.32e+00	-1.28e+01
-0.000237698081734779	1.36e+00	-1.32e+01
-0.000236697247706422	1.30e+00	-1.24e+01
-0.00023569641367806503	1.34e+00	-1.32e+01
-0.00023469557964970805	1.28e+00	-1.24e+01
-0.00023369474562135112	1.34e+00	-1.28e+01
-0.00023269391159299414	1.28e+00	-1.22e+01
-0.00023169307756463716	1.32e+00	-1.26e+01
-0.00023069224353628023	1.26e+00	-1.20e+01
-0.00022969140950792325	1.26e+00	-1.24e+01
-0.00022869057547956627	1.32e+00	-1.18e+01
-0.00022768974145120934	1.30e+00	-1.22e+01
-0.00022668890742285236	1.24e+00	-1.18e+01
-0.00022568807339449538	1.24e+00	-1.16e+01
-0.00022468723936613845	1.30e+00	-1.22e+01
-0.00022368640533778147	1.28e+00	-1.20e+01
-0.0002226855713094245	1.22e+00	-1.14e+01
-0.00022168473728106756	1.22e+00	-1.18e+01
-0.00022068390325271058	1.26e+00	-1.12e+01
-0.0002196830692243536	1.26e+00	-1.16e+01
-0.00021868223519599668	1.20e+00	-1.12e+01
-0.0002176814011676397	1.24e+00	-1.14e+01
-0.0002166805671392827	1.20e+00	-1.10e+01
-0.00021567973311092579	1.24e+00	-1.14e+01
-0.0002146788990825688	1.18e+00	-1.08e+01
-0.00021367806505421182	1.18e+00	-1.12e+01
-0.00021267723102585484	1.22e+00	-1.06e+01
-0.00021167639699749792	1.22e+00	-1.10e+01
-0.00021067556296914093	1.16e+00	-1.04e+01
-0.00020967472894078395	1.16e+00	-1.08e+01
-0.00020867389491242703	1.22e+00	-1.02e+01
-0.00020767306088407005	1.20e+00	-1.06e+01
-0.00020667222685571306	1.14e+00	-1.02e+01
-0.00020567139282735614	1.14e+00	-1.06e+01
-0.00020467055879899916	1.18e+00	-1.00e+01
-0.00020366972477064217	1.18e+00	-1.04e+01
-0.00020266889074228525	1.10e+00	-9.80e+00
-0.00020166805671392827	1.16e+00	-1.02e+01
-0.00020066722268557129	1.08e+00	-9.60e+00
-0.00019966638865721436	1.14e+00	-9.60e+00
-0.00019866555462885738	1.08e+00	-1.02e+01
-0.0001976647206005004	1.08e+00	-1.00e+01
-0.00019666388657214347	1.14e+00	-9.40e+00
-0.0001956630525437865	1.12e+00	-9.40e+00
-0.0001946622185154295	1.06e+00	-9.80e+00
-0.00019366138448707253	1.10e+00	-9.60e+00
-0.0001926605504587156	1.06e+00	-9.20e+00
-0.00019165971643035862	1.10e+00	-9.40e+00
-0.00019065888240200164	1.04e+00	-8.80e+00
-0.0001896580483736447	1.08e+00	-9.20e+00
-0.00018865721434528773	1.02e+00	-8.80e+00
-0.00018765638031693075	1.08e+00	-9.20e+00
-0.00018665554628857382	1.02e+00	-8.60e+00
-0.00018565471226021684	1.06e+00	-9.00e+00
-0.00018465387823185986	1.00e+00	-8.40e+00
-0.00018365304420350293	1.06e+00	-8.80e+00
-0.00018265221017514595	1.00e+00	-8.20e+00
-0.00018165137614678897	1.04e+00	-8.80e+00
-0.00018065054211843204	9.80e-01	-8.20e+00
-0.00017964970809007506	1.04e+00	-8.60e+00
-0.00017864887406171808	9.80e-01	-8.00e+00
-0.00017764804003336115	1.02e+00	-8.40e+00
-0.00017664720600500417	9.60e-01	-7.80e+00
-0.0001756463719766472	9.60e-01	-8.20e+00
-0.0001746455379482902	1.02e+00	-7.80e+00
-0.00017364470391993328	1.00e+00	-8.20e+00
-0.0001726438698915763	9.40e-01	-7.60e+00
-0.00017164303586321932	9.40e-01	-7.60e+00
-0.0001706422018348624	1.00e+00	-8.00e+00
-0.0001696413678065054	9.80e-01	-7.80e+00
-0.00016864053377814843	9.20e-01	-7.40e+00
-0.0001676396997497915	9.20e-01	-7.00e+00
-0.00016663886572143452	9.60e-01	-7.80e+00
-0.00016563803169307754	9.60e-01	-7.40e+00
-0.0001646371976647206	9.00e-01	-7.00e+00
-0.00016363636363636363	9.00e-01	-7.40e+00
-0.00016263552960800665	9.60e-01	-6.80e+00
-0.00016163469557964972	9.40e-01	-7.20e+00
-0.00016063386155129274	8.80e-01	-6.80e+00
-0.00015963302752293576	8.80e-01	-7.20e+00
-0.00015863219349457883	9.20e-01	-6.60e+00
-0.00015763135946622185	9.20e-01	-6.60e+00
-0.00015663052543786487	8.40e-01	-7.00e+00
-0.0001556296914095079	9.00e-01	-6.80e+00
-0.00015462885738115096	8.40e-01	-6.40e+00
-0.00015362802335279398	9.00e-01	-6.80e+00
-0.000152627189324437	8.20e-01	-6.20e+00
-0.00015162635529608007	8.60e-01	-6.60e+00
-0.0001506255212677231	8.00e-01	-6.20e+00
-0.0001496246872393661	8.60e-01	-6.60e+00
-0.00014862385321100919	8.00e-01	-6.00e+00
-0.0001476230191826522	8.40e-01	-6.00e+00
-0.00014662218515429522	8.00e-01	-6.40e+00
-0.0001456213511259383	8.40e-01	-6.20e+00
-0.00014462051709758131	7.80e-01	-5.80e+00
-0.00014361968306922433	8.20e-01	-5.80e+00
-0.0001426188490408674	7.80e-01	-6.20e+00
-0.00014161801501251043	8.20e-01	-6.00e+00
-0.00014061718098415344	7.60e-01	-5.60e+00
-0.00013961634695579652	8.00e-01	-5.60e+00
-0.00013861551292743954	7.40e-01	-6.00e+00
-0.00013761467889908255	8.00e-01	-5.60e+00
-0.00013661384487072557	7.40e-01	-5.20e+00
-0.00013561301084236865	7.80e-01	-5.20e+00
-0.00013461217681401167	7.40e-01	-5.60e+00
-0.00013361134278565468	7.80e-01	-5.40e+00
-0.00013261050875729776	7.20e-01	-5.00e+00
-0.00013160967472894078	7.60e-01	-5.40e+00
-0.0001306088407005838	7.00e-01	-5.00e+00
-0.00012960800667222687	7.60e-01	-5.40e+00
-0.0001286071726438699	7.00e-01	-4.80e+00
-0.0001276063386155129	7.40e-01	-5.20e+00
-0.00012660550458715598	6.80e-01	-4.80e+00
-0.000125604670558799	6.80e-01	-4.80e+00
-0.00012460383653044202	7.40e-01	-5.20e+00
-0.0001236030025020851	7.20e-01	-5.00e+00
-0.0001226021684737281	6.60e-01	-4.60e+00
-0.00012160133444537113	7.00e-01	-5.00e+00
-0.0001206005004170142	6.60e-01	-4.40e+00
-0.00011959966638865722	7.00e-01	-4.80e+00
-0.00011859883236030024	6.40e-01	-4.40e+00
-0.00011759799833194331	6.40e-01	-4.40e+00
-0.00011659716430358633	6.80e-01	-4.80e+00
-0.00011559633027522935	6.80e-01	-4.60e+00
-0.00011459549624687237	6.20e-01	-4.20e+00
-0.00011359466221851544	6.20e-01	-4.60e+00
-0.00011259382819015846	6.60e-01	-4.20e+00
-0.00011159299416180148	6.60e-01	-4.20e+00
-0.00011059216013344455	5.80e-01	-4.60e+00
-0.00010959132610508762	5.80e-01	-4.40e+00
-0.00010859049207673059	6.40e-01	-4.00e+00
-0.00010758965804837366	6.40e-01	-4.40e+00
-0.00010658882402001663	5.60e-01	-4.00e+00
-0.0001055879899916597	6.00e-01	-4.40e+00
-0.00010458715596330277	5.60e-01	-3.80e+00
-0.00010358632193494574	6.00e-01	-3.80e+00
-0.00010258548790658881	5.40e-01	-4.20e+00
-0.00010158465387823188	5.80e-01	-3.80e+00
-0.00010058381984987485	5.20e-01	-4.00e+00
-9.958298582151792e-05	5.80e-01	-3.80e+00
-9.8582151793161e-05	5.20e-01	-3.40e+00
-9.758131776480396e-05	5.60e-01	-3.80e+00
-9.658048373644703e-05	5.00e-01	-3.40e+00
-9.55796497080901e-05	5.60e-01	-3.80e+00
-9.457881567973307e-05	5.00e-01	-3.40e+00
-9.357798165137614e-05	5.40e-01	-3.60e+00
-9.257714762301921e-05	5.00e-01	-3.20e+00
-9.157631359466218e-05	4.80e-01	-3.60e+00
-9.057547956630525e-05	5.40e-01	-3.00e+00
-8.957464553794833e-05	5.20e-01	-3.40e+00
-8.857381150959129e-05	4.60e-01	-3.00e+00
-8.757297748123436e-05	5.20e-01	-3.40e+00
-8.657214345287744e-05	4.60e-01	-3.00e+00
-8.55713094245204e-05	5.00e-01	-3.00e+00
-8.457047539616347e-05	4.40e-01	-3.40e+00
-8.356964136780655e-05	4.40e-01	-3.20e+00
-8.256880733944951e-05	5.00e-01	-2.80e+00
-8.156797331109258e-05	4.80e-01	-3.20e+00
-8.056713928273566e-05	4.20e-01	-2.80e+00
-7.956630525437862e-05	4.20e-01	-2.80e+00
-7.85654712260217e-05	4.80e-01	-3.00e+00
-7.756463719766477e-05	4.00e-01	-3.00e+00
-7.656380316930773e-05	4.60e-01	-2.60e+00
-7.55629691409508e-05	4.00e-01	-3.00e+00
-7.456213511259388e-05	4.40e-01	-2.40e+00
-7.356130108423684e-05	4.40e-01	-2.80e+00
-7.256046705587992e-05	3.80e-01	-2.40e+00
-7.155963302752299e-05	4.20e-01	-2.80e+00
-7.055879899916595e-05	3.60e-01	-2.40e+00
-6.955796497080903e-05	4.20e-01	-2.40e+00
-6.85571309424521e-05	3.60e-01	-2.80e+00
-6.755629691409506e-05	4.00e-01	-2.60e+00
-6.655546288573814e-05	3.40e-01	-2.20e+00
-6.55546288573811e-05	3.40e-01	-2.20e+00
-6.455379482902418e-05	4.00e-01	-2.60e+00
-6.355296080066725e-05	3.80e-01	-2.20e+00
-6.255212677231021e-05	3.20e-01	-2.40e+00
-6.155129274395329e-05	3.80e-01	-2.40e+00
-6.055045871559636e-05	3.00e-01	-2.00e+00
-5.9549624687239323e-05	3.40e-01	-2.40e+00
-5.8548790658882396e-05	3.00e-01	-2.00e+00
-5.754795663052547e-05	3.40e-01	-2.00e+00
-5.6547122602168434e-05	2.80e-01	-2.00e+00
-5.554628857381151e-05	3.20e-01	-2.00e+00
-5.454545454545458e-05	2.80e-01	-1.60e+00
-5.3544620517097545e-05	3.20e-01	-2.00e+00
-5.254378648874062e-05	2.60e-01	-1.60e+00
-5.154295246038369e-05	3.00e-01	-1.60e+00
-5.0542118432026655e-05	2.60e-01	-2.00e+00
-4.954128440366973e-05	3.00e-01	-1.80e+00
-4.85404503753128e-05	2.40e-01	-1.40e+00
-4.7539616346955766e-05	2.80e-01	-1.80e+00
-4.653878231859884e-05	2.20e-01	-1.40e+00
-4.553794829024191e-05	2.20e-01	-1.60e+00
-4.453711426188488e-05	2.80e-01	-1.40e+00
-4.353628023352795e-05	2.60e-01	-1.80e+00
-4.253544620517102e-05	2.00e-01	-1.20e+00
-4.153461217681399e-05	2.00e-01	-1.60e+00
-4.053377814845706e-05	2.60e-01	-1.20e+00
-3.953294412010013e-05	2.40e-01	-1.20e+00
-3.85321100917431e-05	1.80e-01	-1.60e+00
-3.753127606338617e-05	1.80e-01	-1.20e+00
-3.6530442035029244e-05	2.40e-01	-1.40e+00
-3.552960800667221e-05	2.20e-01	-1.40e+00
-3.452877397831528e-05	1.60e-01	-1.00e+00
-3.3527939949958355e-05	2.00e-01	-1.00e+00
-3.252710592160132e-05	1.60e-01	-1.40e+00
-3.152627189324439e-05	2.00e-01	-1.20e+00
-3.0525437864887465e-05	1.40e-01	-1.00e+00
-2.952460383653043e-05	1.40e-01	-1.20e+00
-2.8523769808173503e-05	1.80e-01	-8.00e-01
-2.7522935779816468e-05	1.80e-01	-1.20e+00
-2.652210175145954e-05	1.20e-01	-8.00e-01
-2.5521267723102614e-05	1.20e-01	-8.00e-01
-2.4520433694745578e-05	1.60e-01	-1.20e+00
-2.351959966638865e-05	1.60e-01	-1.00e+00
-2.2518765638031724e-05	1.00e-01	-8.00e-01
-2.151793160967469e-05	1.40e-01	-1.00e+00
-2.0517097581317762e-05	8.00e-02	-6.00e-01
-1.9516263552960835e-05	8.00e-02	-6.00e-01
-1.85154295246038e-05	1.40e-01	-1.00e+00
-1.7514595496246873e-05	1.20e-01	-8.00e-01
-1.6513761467889946e-05	6.00e-02	-6.00e-01
-1.551292743953291e-05	1.00e-01	-6.00e-01
-1.4512093411175983e-05	4.00e-02	-8.00e-01
-1.3511259382819056e-05	4.00e-02	-4.00e-01
-1.2510425354462021e-05	1.00e-01	-8.00e-01
-1.1509591326105094e-05	8.00e-02	-4.00e-01
-1.0508757297748167e-05	2.00e-02	-8.00e-01
-9.507923269391132e-06	2.00e-02	-4.00e-01
-8.507089241034205e-06	6.00e-02	-6.00e-01
-7.5062552126772776e-06	6.00e-02	-6.00e-01
-6.505421184320242e-06	0.00e+00	-2.00e-01
-5.504587155963315e-06	4.00e-02	-2.00e-01
-4.503753127606388e-06	-2.00e-02	-6.00e-01
-3.502919099249353e-06	4.00e-02	-2.00e-01
-2.502085070892426e-06	-2.00e-02	-2.00e-01
-1.5012510425354989e-06	2.00e-02	-2.00e-01
-5.004170141784635e-07	-4.00e-02	-2.00e-01
5.004170141784635e-07	-4.00e-02	-2.00e-01
1.5012510425353905e-06	0.00e+00	2.00e-01
2.502085070892426e-06	0.00e+00	-2.00e-01
3.502919099249353e-06	-6.00e-02	2.00e-01
4.50375312760628e-06	-6.00e-02	0.00e+00
5.504587155963315e-06	0.00e+00	2.00e-01
6.505421184320242e-06	-2.00e-02	0.00e+00
7.506255212677169e-06	-8.00e-02	4.00e-01
8.507089241034205e-06	-4.00e-02	0.00e+00
9.507923269391132e-06	-8.00e-02	4.00e-01
1.0508757297748058e-05	-4.00e-02	2.00e-01
1.1509591326105094e-05	-1.00e-01	4.00e-01
1.2510425354462021e-05	-6.00e-02	2.00e-01
1.3511259382819056e-05	-1.00e-01	4.00e-01
1.4512093411175983e-05	-6.00e-02	2.00e-01
1.551292743953291e-05	-1.20e-01	6.00e-01
1.6513761467889946e-05	-8.00e-02	2.00e-01
1.7514595496246873e-05	-1.20e-01	6.00e-01
1.85154295246038e-05	-8.00e-02	2.00e-01
1.9516263552960835e-05	-1.40e-01	8.00e-01
2.0517097581317762e-05	-1.40e-01	4.00e-01
2.151793160967469e-05	-1.00e-01	8.00e-01
2.2518765638031724e-05	-1.00e-01	4.00e-01
2.351959966638865e-05	-1.60e-01	8.00e-01
2.4520433694745578e-05	-1.20e-01	8.00e-01
2.5521267723102614e-05	-1.80e-01	4.00e-01
2.652210175145954e-05	-1.80e-01	8.00e-01
2.7522935779816468e-05	-1.20e-01	6.00e-01
2.8523769808173503e-05	-1.80e-01	6.00e-01
2.952460383653043e-05	-1.40e-01	1.00e+00
3.052543786488736e-05	-1.60e-01	6.00e-01
3.152627189324439e-05	-2.00e-01	1.00e+00
3.252710592160132e-05	-2.20e-01	1.00e+00
3.3527939949958246e-05	-1.60e-01	8.00e-01
3.452877397831528e-05	-1.80e-01	8.00e-01
3.552960800667221e-05	-2.40e-01	1.20e+00
3.6530442035029136e-05	-2.00e-01	8.00e-01
3.753127606338617e-05	-2.40e-01	1.20e+00
3.85321100917431e-05	-2.00e-01	1.20e+00
3.9532944120100025e-05	-2.60e-01	1.00e+00
4.053377814845706e-05	-2.20e-01	1.20e+00
4.153461217681399e-05	-2.60e-01	1.00e+00
4.2535446205170914e-05	-2.20e-01	1.00e+00
4.353628023352795e-05	-2.80e-01	1.40e+00
4.453711426188488e-05	-2.40e-01	1.40e+00
4.5537948290241804e-05	-3.00e-01	1.00e+00
4.653878231859884e-05	-2.40e-01	1.40e+00
4.7539616346955766e-05	-3.00e-01	1.20e+00
4.854045037531269e-05	-2.60e-01	1.20e+00
4.954128440366973e-05	-3.20e-01	1.60e+00
5.0542118432026655e-05	-3.20e-01	1.60e+00
5.154295246038369e-05	-2.60e-01	1.20e+00
5.254378648874062e-05	-2.80e-01	1.60e+00
5.3544620517097545e-05	-3.40e-01	1.60e+00
5.454545454545458e-05	-3.40e-01	1.60e+00
5.554628857381151e-05	-2.80e-01	1.60e+00
5.6547122602168434e-05	-3.00e-01	1.60e+00
5.754795663052547e-05	-3.60e-01	2.00e+00
5.8548790658882396e-05	-3.60e-01	1.80e+00
5.9549624687239323e-05	-3.20e-01	2.00e+00
6.055045871559636e-05	-3.20e-01	1.80e+00
6.155129274395329e-05	-3.80e-01	2.00e+00
6.255212677231021e-05	-3.80e-01	1.80e+00
6.355296080066725e-05	-3.20e-01	2.20e+00
6.455379482902418e-05	-3.40e-01	2.20e+00
6.55546288573811e-05	-4.00e-01	1.80e+00
6.655546288573814e-05	-4.00e-01	2.00e+00
6.755629691409506e-05	-3.60e-01	2.20e+00
6.855713094245199e-05	-4.20e-01	2.00e+00
6.955796497080903e-05	-3.60e-01	2.40e+00
7.055879899916595e-05	-4.20e-01	2.20e+00
7.155963302752288e-05	-3.80e-01	2.40e+00
7.256046705587992e-05	-4.40e-01	2.40e+00
7.356130108423684e-05	-3.80e-01	2.20e+00
7.456213511259377e-05	-4.40e-01	2.20e+00
7.55629691409508e-05	-4.00e-01	2.60e+00
7.656380316930773e-05	-4.00e-01	2.60e+00
7.756463719766466e-05	-4.80e-01	2.40e+00
7.85654712260217e-05	-4.80e-01	2.40e+00
7.956630525437862e-05	-4.20e-01	2.80e+00
8.056713928273555e-05	-4.20e-01	2.40e+00
8.156797331109258e-05	-5.00e-01	2.80e+00
8.256880733944951e-05	-4.60e-01	2.60e+00
8.356964136780644e-05	-5.00e-01	2.80e+00
8.457047539616347e-05	-4.60e-01	2.60e+00
8.55713094245204e-05	-5.20e-01	3.00e+00
8.657214345287733e-05	-4.80e-01	3.00e+00
8.757297748123436e-05	-5.20e-01	2.60e+00
8.857381150959129e-05	-4.80e-01	2.80e+00
8.957464553794822e-05	-5.40e-01	3.00e+00
9.057547956630525e-05	-5.00e-01	2.80e+00
9.157631359466218e-05	-5.40e-01	3.20e+00
9.257714762301921e-05	-5.60e-01	2.80e+00
9.357798165137614e-05	-5.00e-01	3.20e+00
9.457881567973307e-05	-5.20e-01	3.00e+00
9.55796497080901e-05	-5.80e-01	3.40e+00
9.658048373644703e-05	-5.20e-01	3.40e+00
9.758131776480396e-05	-5.80e-01	3.00e+00
9.8582151793161e-05	-5.40e-01	3.40e+00
9.958298582151792e-05	-6.00e-01	3.40e+00
0.00010058381984987485	-5.60e-01	3.40e+00
0.00010158465387823188	-6.00e-01	3.80e+00
0.00010258548790658881	-5.60e-01	3.40e+00
0.00010358632193494574	-6.20e-01	3.80e+00
0.00010458715596330277	-6.20e-01	3.60e+00
0.0001055879899916597	-5.80e-01	3.80e+00
0.00010658882402001663	-5.80e-01	3.60e+00
0.00010758965804837366	-6.40e-01	4.00e+00
0.00010859049207673059	-6.40e-01	3.80e+00
0.00010959132610508752	-5.80e-01	4.00e+00
0.00011059216013344455	-6.00e-01	3.80e+00
0.00011159299416180148	-6.60e-01	4.20e+00
0.0001125938281901584	-6.60e-01	4.20e+00
0.00011359466221851544	-6.20e-01	3.80e+00
0.00011459549624687237	-6.20e-01	4.20e+00
0.0001155963302752293	-6.80e-01	4.00e+00
0.00011659716430358633	-6.40e-01	4.00e+00
0.00011759799833194326	-7.00e-01	4.40e+00
0.00011859883236030018	-7.00e-01	4.40e+00
0.00011959966638865722	-6.40e-01	4.00e+00
0.00012060050041701415	-6.60e-01	4.20e+00
0.00012160133444537107	-7.20e-01	4.60e+00
0.0001226021684737281	-6.60e-01	4.20e+00
0.00012360300250208504	-7.40e-01	4.60e+00
0.00012460383653044196	-6.80e-01	4.40e+00
0.000125604670558799	-7.40e-01	4.80e+00
0.00012660550458715592	-7.60e-01	4.40e+00
0.00012760633861551285	-6.80e-01	4.80e+00
0.0001286071726438699	-7.20e-01	4.40e+00
0.00012960800667222681	-7.60e-01	5.00e+00
0.00013060884070058385	-7.20e-01	4.60e+00
0.00013160967472894078	-7.80e-01	5.00e+00
0.0001326105087572977	-7.40e-01	4.80e+00
0.00013361134278565474	-8.00e-01	5.00e+00
0.00013461217681401167	-8.00e-01	4.80e+00
0.0001356130108423686	-7.40e-01	5.20e+00
0.00013661384487072563	-7.60e-01	4.80e+00
0.00013761467889908255	-8.20e-01	5.20e+00
0.00013861551292743948	-7.60e-01	5.20e+00
0.00013961634695579652	-8.20e-01	5.60e+00
0.00014061718098415344	-7.80e-01	5.20e+00
0.00014161801501251037	-8.40e-01	5.60e+00
0.0001426188490408674	-8.40e-01	5.40e+00
0.00014361968306922433	-7.80e-01	5.80e+00
0.00014462051709758126	-8.00e-01	5.40e+00
0.0001456213511259383	-8.60e-01	5.80e+00
0.00014662218515429522	-8.60e-01	5.60e+00
0.00014762301918265215	-8.20e-01	6.00e+00
0.00014862385321100919	-8.20e-01	6.00e+00
0.0001496246872393661	-8.80e-01	5.80e+00
0.00015062552126772304	-8.40e-01	5.80e+00
0.00015162635529608007	-8.80e-01	6.20e+00
0.000152627189324437	-8.40e-01	6.00e+00
0.00015362802335279393	-9.00e-01	6.20e+00
0.00015462885738115096	-9.00e-01	6.00e+00
0.0001556296914095079	-8.60e-01	6.40e+00
0.00015663052543786482	-8.60e-01	6.20e+00
0.00015763135946622185	-9.20e-01	6.60e+00
0.00015863219349457878	-8.80e-01	6.60e+00
0.0001596330275229357	-9.40e-01	6.20e+00
0.00016063386155129274	-8.80e-01	6.20e+00
0.00016163469557964967	-9.40e-01	6.80e+00
0.0001626355296080066	-9.40e-01	6.40e+00
0.00016363636363636363	-9.00e-01	6.80e+00
0.00016463719766472056	-9.00e-01	6.60e+00
0.00016563803169307749	-9.60e-01	7.00e+00
0.00016663886572143452	-9.20e-01	7.00e+00
0.00016763969974979145	-9.80e-01	7.40e+00
0.00016864053377814838	-9.20e-01	7.00e+00
0.0001696413678065054	-9.80e-01	7.40e+00
0.00017064220183486234	-9.40e-01	7.20e+00
0.00017164303586321937	-1.00e+00	7.60e+00
0.0001726438698915763	-9.40e-01	7.20e+00
0.00017364470391993323	-1.02e+00	7.60e+00
0.00017464553794829026	-9.80e-01	7.40e+00
0.0001756463719766472	-1.04e+00	7.80e+00
0.00017664720600500412	-9.80e-01	8.00e+00
0.00017764804003336115	-1.04e+00	7.40e+00
0.00017864887406171808	-1.00e+00	7.60e+00
0.000179649708090075	-1.06e+00	8.00e+00
0.00018065054211843204	-1.00e+00	7.80e+00
0.00018165137614678897	-1.06e+00	8.20e+00
0.0001826522101751459	-1.02e+00	7.80e+00
0.00018365304420350293	-1.08e+00	8.40e+00
0.00018465387823185986	-1.02e+00	8.00e+00
0.00018565471226021678	-1.08e+00	8.40e+00
0.00018665554628857382	-1.04e+00	8.20e+00
0.00018765638031693075	-1.10e+00	8.60e+00
0.00018865721434528767	-1.04e+00	8.20e+00
0.0001896580483736447	-1.10e+00	8.80e+00
0.00019065888240200164	-1.06e+00	8.40e+00
0.00019165971643035856	-1.12e+00	9.00e+00
0.0001926605504587156	-1.12e+00	8.80e+00
0.00019366138448707253	-1.08e+00	9.20e+00
0.00019466221851542945	-1.08e+00	8.80e+00
0.0001956630525437865	-1.14e+00	9.20e+00
0.00019666388657214341	-1.10e+00	9.00e+00
0.00019766472060050034	-1.16e+00	9.40e+00
0.00019866555462885738	-1.10e+00	9.20e+00
0.0001996663886572143	-1.16e+00	9.60e+00
0.00020066722268557123	-1.10e+00	9.20e+00
0.00020166805671392827	-1.18e+00	9.80e+00
0.0002026688907422852	-1.12e+00	9.40e+00
0.00020366972477064212	-1.18e+00	9.80e+00
0.00020467055879899916	-1.18e+00	9.40e+00
0.00020567139282735608	-1.14e+00	1.00e+01
0.000206672226855713	-1.14e+00	9.60e+00
0.00020767306088407005	-1.22e+00	1.02e+01
0.00020867389491242697	-1.22e+00	1.02e+01
0.000209674728940784	-1.14e+00	9.80e+00
0.00021067556296914093	-1.16e+00	1.00e+01
0.00021167639699749786	-1.22e+00	1.04e+01
0.0002126772310258549	-1.22e+00	1.00e+01
0.00021367806505421182	-1.18e+00	1.06e+01
0.00021467889908256875	-1.18e+00	1.06e+01
0.00021567973311092579	-1.24e+00	1.02e+01
0.0002166805671392827	-1.20e+00	1.06e+01
0.00021768140116763964	-1.28e+00	1.10e+01
0.00021868223519599668	-1.20e+00	1.06e+01
0.0002196830692243536	-1.28e+00	1.10e+01
0.00022068390325271053	-1.28e+00	1.08e+01
0.00022168473728106756	-1.22e+00	1.12e+01
0.0002226855713094245	-1.24e+00	1.10e+01
0.00022368640533778142	-1.30e+00	1.14e+01
0.00022468723936613845	-1.26e+00	1.10e+01
0.00022568807339449538	-1.30e+00	1.16e+01
0.0002266889074228523	-1.26e+00	1.16e+01
0.00022768974145120934	-1.32e+00	1.12e+01
0.00022869057547956627	-1.28e+00	1.14e+01
0.0002296914095079232	-1.34e+00	1.18e+01
0.00023069224353628023	-1.34e+00	1.14e+01
0.00023169307756463716	-1.28e+00	1.20e+01
0.0002326939115929941	-1.30e+00	1.16e+01
0.00023369474562135112	-1.36e+00	1.22e+01
0.00023469557964970805	-1.30e+00	1.22e+01
0.00023569641367806498	-1.38e+00	1.18e+01
0.000236697247706422	-1.32e+00	1.20e+01
0.00023769808173477894	-1.38e+00	1.24e+01
0.00023869891576313587	-1.32e+00	1.20e+01
0.0002396997497914929	-1.40e+00	1.26e+01
0.00024070058381984983	-1.34e+00	1.24e+01
0.00024170141784820675	-1.42e+00	1.28e+01
0.0002427022518765638	-1.40e+00	1.26e+01
0.00024370308590492072	-1.34e+00	1.30e+01
0.00024470391993327764	-1.36e+00	1.26e+01
0.0002457047539616347	-1.42e+00	1.32e+01
0.0002467055879899916	-1.36e+00	1.28e+01
0.00024770642201834864	-1.44e+00	1.34e+01
0.00024870725604670557	-1.38e+00	1.30e+01
0.0002497080900750625	-1.44e+00	1.34e+01
0.00025070892410341953	-1.42e+00	1.34e+01
0.00025170975813177646	-1.36e+00	1.28e+01
0.0002527105921601334	-1.36e+00	1.32e+01
0.0002537114261884904	-1.42e+00	1.26e+01
0.00025471226021684735	-1.42e+00	1.30e+01
0.0002557130942452043	-1.34e+00	1.24e+01
0.0002567139282735613	-1.40e+00	1.28e+01
0.00025771476230191824	-1.32e+00	1.24e+01
0.00025871559633027516	-1.38e+00	1.26e+01
0.0002597164303586322	-1.32e+00	1.20e+01
0.0002607172643869891	-1.38e+00	1.24e+01
0.00026171809841534605	-1.30e+00	1.18e+01
0.0002627189324437031	-1.36e+00	1.22e+01
0.00026371976647206	-1.30e+00	1.18e+01
0.00026472060050041694	-1.34e+00	1.22e+01
0.000265721434528774	-1.28e+00	1.16e+01
0.0002667222685571309	-1.34e+00	1.20e+01
0.00026772310258548783	-1.28e+00	1.14e+01
0.00026872393661384487	-1.32e+00	1.18e+01
0.0002697247706422018	-1.26e+00	1.14e+01
0.0002707256046705587	-1.26e+00	1.16e+01
0.00027172643869891576	-1.32e+00	1.12e+01
0.0002727272727272727	-1.30e+00	1.16e+01
0.0002737281067556296	-1.24e+00	1.10e+01
0.00027472894078398665	-1.30e+00	1.10e+01
0.0002757297748123436	-1.22e+00	1.14e+01
0.0002767306088407005	-1.28e+00	1.12e+01
0.00027773144286905754	-1.22e+00	1.08e+01
0.00027873227689741446	-1.26e+00	1.10e+01
0.0002797331109257714	-1.20e+00	1.06e+01
0.0002807339449541284	-1.26e+00	1.10e+01
0.00028173477898248535	-1.18e+00	1.02e+01
0.0002827356130108423	-1.24e+00	1.06e+01
0.0002837364470391993	-1.18e+00	1.02e+01
0.00028473728106755624	-1.22e+00	1.04e+01
0.00028573811509591317	-1.16e+00	1.00e+01
0.0002867389491242702	-1.22e+00	1.04e+01
0.00028773978315262713	-1.16e+00	9.80e+00
0.00028874061718098417	-1.20e+00	1.02e+01
0.0002897414512093411	-1.14e+00	9.80e+00
0.000290742285237698	-1.20e+00	1.00e+01
0.00029174311926605506	-1.14e+00	9.60e+00
0.000292743953294412	-1.18e+00	1.00e+01
0.0002937447873227689	-1.12e+00	9.40e+00
0.00029474562135112594	-1.12e+00	9.80e+00
0.00029574645537948287	-1.18e+00	9.40e+00
0.0002967472894078398	-1.16e+00	9.60e+00
0.00029774812343619683	-1.10e+00	9.20e+00
0.00029874895746455376	-1.16e+00	9.60e+00
0.0002997497914929107	-1.08e+00	9.00e+00
0.0003007506255212677	-1.14e+00	9.40e+00
0.00030175145954962465	-1.08e+00	9.00e+00
0.0003027522935779816	-1.08e+00	8.80e+00
0.0003037531276063386	-1.14e+00	9.20e+00
0.00030475396163469554	-1.12e+00	9.00e+00
0.00030575479566305247	-1.06e+00	8.40e+00
0.0003067556296914095	-1.10e+00	8.80e+00
0.00030775646371976643	-1.04e+00	8.40e+00
0.00030875729774812336	-1.10e+00	8.60e+00
0.0003097581317764804	-1.04e+00	8.20e+00
0.0003107589658048373	-1.10e+00	8.60e+00
0.00031175979983319425	-1.02e+00	8.00e+00
0.0003127606338615513	-1.08e+00	8.40e+00
0.0003137614678899082	-1.02e+00	8.00e+00
0.00031476230191826513	-1.08e+00	8.20e+00
0.00031576313594662217	-1.00e+00	7.80e+00
0.0003167639699749791	-1.00e+00	8.20e+00
0.000317764804003336	-1.06e+00	7.60e+00
0.00031876563803169306	-1.00e+00	8.00e+00
0.00031976647206005	-1.04e+00	7.60e+00
0.0003207673060884069	-9.80e-01	7.80e+00
0.00032176814011676395	-1.04e+00	7.40e+00
0.0003227689741451209	-1.02e+00	7.40e+00
0.0003237698081734778	-9.40e-01	7.80e+00
0.00032477064220183484	-9.40e-01	7.60e+00
0.00032577147623019176	-1.02e+00	7.20e+00
0.0003267723102585488	-1.00e+00	7.40e+00
0.00032777314428690573	-9.20e-01	7.00e+00
0.00032877397831526265	-9.80e-01	7.00e+00
0.0003297748123436197	-9.20e-01	7.40e+00
0.0003307756463719766	-9.60e-01	7.00e+00
0.00033177648040033354	-9.00e-01	6.60e+00
0.0003327773144286906	-9.60e-01	7.00e+00
0.0003337781484570475	-9.00e-01	6.60e+00
0.00033477898248540443	-9.40e-01	6.80e+00
0.00033577981651376147	-8.80e-01	6.40e+00
0.0003367806505421184	-9.40e-01	6.60e+00
0.0003377814845704753	-8.80e-01	6.20e+00
0.00033878231859883236	-9.20e-01	6.20e+00
0.0003397831526271893	-8.60e-01	6.60e+00
0.0003407839866555462	-8.60e-01	6.40e+00
0.00034178482068390325	-9.20e-01	6.00e+00
0.0003427856547122602	-9.00e-01	6.40e+00
0.0003437864887406171	-8.40e-01	6.00e+00
0.00034478732276897414	-8.80e-01	6.20e+00
0.00034578815679733106	-8.40e-01	5.80e+00
0.000346788990825688	-8.80e-01	5.80e+00
0.000347789824854045	-8.20e-01	6.00e+00
0.00034879065888240195	-8.20e-01	6.00e+00
0.0003497914929107589	-8.60e-01	5.60e+00
0.0003507923269391159	-8.60e-01	5.80e+00
0.00035179316096747284	-8.00e-01	5.40e+00
0.00035279399499582977	-8.00e-01	5.40e+00
0.0003537948290241868	-8.60e-01	5.80e+00
0.00035479566305254373	-8.40e-01	5.60e+00
0.00035579649708090066	-7.80e-01	5.20e+00
0.0003567973311092577	-7.80e-01	5.20e+00
0.0003577981651376146	-8.20e-01	5.60e+00
0.00035879899916597155	-8.20e-01	5.20e+00
0.0003597998331943286	-7.60e-01	5.20e+00
0.0003608006672226855	-8.00e-01	5.20e+00
0.00036180150125104244	-7.40e-01	4.80e+00
0.00036280233527939947	-8.00e-01	5.00e+00
0.0003638031693077564	-7.40e-01	4.80e+00
0.0003648040033361133	-7.80e-01	5.00e+00
0.00036580483736447036	-7.20e-01	4.60e+00
0.0003668056713928273	-7.20e-01	5.00e+00
0.0003678065054211843	-7.80e-01	4.60e+00
0.00036880733944954125	-7.20e-01	4.80e+00
0.0003698081734778982	-7.60e-01	4.40e+00
0.0003708090075062552	-6.80e-01	4.80e+00
0.00037180984153461214	-7.60e-01	4.40e+00
0.00037281067556296907	-7.40e-01	4.60e+00
0.0003738115095913261	-6.60e-01	4.40e+00
0.00037481234361968303	-7.20e-01	4.60e+00
0.00037581317764803996	-6.60e-01	4.20e+00
0.000376814011676397	-7.00e-01	4.40e+00
0.0003778148457047539	-6.60e-01	4.20e+00
0.00037881567973311085	-7.00e-01	4.40e+00
0.0003798165137614678	-6.40e-01	4.00e+00
0.0003808173477898247	-6.80e-01	4.00e+00
0.00038181818181818184	-6.40e-01	4.40e+00
0.00038281901584653877	-6.80e-01	3.80e+00
0.0003838198498748957	-6.20e-01	4.40e+00
0.0003848206839032526	-6.60e-01	3.80e+00
0.00038582151793160955	-6.00e-01	4.20e+00
0.0003868223519599667	-6.00e-01	3.80e+00
0.0003878231859883236	-6.60e-01	4.00e+00
0.00038882402001668055	-6.40e-01	4.00e+00
0.0003898248540450375	-5.80e-01	3.60e+00
0.0003908256880733944	-5.80e-01	3.60e+00
0.00039182652210175133	-6.40e-01	4.00e+00
0.0003928273561301085	-6.20e-01	3.60e+00
0.0003938281901584654	-5.60e-01	3.80e+00
0.00039482902418682233	-5.60e-01	3.80e+00
0.00039582985821517926	-6.20e-01	3.40e+00
0.0003968306922435362	-6.00e-01	3.40e+00
0.0003978315262718931	-5.40e-01	3.40e+00
0.00039883236030025025	-5.40e-01	3.40e+00
0.0003998331943286072	-5.80e-01	3.00e+00
0.0004008340283569641	-5.80e-01	3.40e+00
0.00040183486238532103	-5.20e-01	3.00e+00
0.00040283569641367796	-5.20e-01	3.20e+00
0.0004038365304420349	-5.60e-01	3.00e+00
0.00040483736447039203	-5.60e-01	3.20e+00
0.00040583819849874896	-5.00e-01	2.80e+00
0.0004068390325271059	-5.40e-01	2.80e+00
0.0004078398665554628	-4.80e-01	3.20e+00
0.00040884070058381974	-5.40e-01	2.80e+00
0.00040984153461217667	-4.80e-01	3.00e+00
0.0004108423686405338	-5.20e-01	3.00e+00
0.00041184320266889074	-4.60e-01	2.60e+00
0.00041284403669724766	-4.60e-01	2.60e+00
0.0004138448707256046	-5.20e-01	2.80e+00
0.0004148457047539615	-5.00e-01	2.40e+00
0.00041584653878231845	-4.40e-01	3.00e+00
0.0004168473728106756	-5.00e-01	2.80e+00
0.0004178482068390325	-4.20e-01	2.40e+00
0.00041884904086738944	-4.80e-01	2.60e+00
0.00041984987489574637	-4.00e-01	2.40e+00
0.0004208507089241033	-4.60e-01	2.60e+00
0.0004218515429524602	-4.00e-01	2.20e+00
0.00042285237698081737	-4.40e-01	2.20e+00
0.0004238532110091743	-4.00e-01	2.60e+00
0.0004248540450375312	-3.80e-01	2.20e+00
0.00042585487906588815	-4.40e-01	2.40e+00
0.0004268557130942451	-4.20e-01	2.40e+00
0.0004278565471226022	-3.60e-01	2.00e+00
0.00042885738115095915	-4.00e-01	2.00e+00
0.0004298582151793161	-3.60e-01	2.40e+00
0.000430859049207673	-4.00e-01	1.80e+00
0.00043185988323602993	-3.40e-01	2.40e+00
0.00043286071726438685	-3.80e-01	2.20e+00
0.000433861551292744	-3.40e-01	1.80e+00
0.0004348623853211009	-3.80e-01	1.80e+00
0.00043586321934945785	-3.20e-01	2.20e+00
0.0004368640533778148	-3.20e-01	1.80e+00
0.0004378648874061717	-3.60e-01	2.00e+00
0.00043886572143452863	-3.60e-01	2.00e+00
0.0004398665554628858	-3.00e-01	1.60e+00
0.0004408673894912427	-3.40e-01	1.60e+00
0.00044186822351959963	-3.00e-01	1.80e+00
0.00044286905754795656	-3.40e-01	1.60e+00
0.0004438698915763135	-2.80e-01	1.60e+00
0.0004448707256046704	-3.20e-01	1.60e+00
0.00044587155963302756	-2.60e-01	1.20e+00
0.0004468723936613845	-3.20e-01	1.60e+00
0.0004478732276897414	-2.60e-01	1.20e+00
0.00044887406171809834	-2.60e-01	1.20e+00
0.00044987489574645526	-3.00e-01	1.40e+00
0.0004508757297748122	-3.00e-01	1.40e+00
0.00045187656380316933	-2.40e-01	1.00e+00
0.00045287739783152626	-2.80e-01	1.40e+00
0.0004538782318598832	-2.20e-01	1.00e+00
0.0004548790658882401	-2.20e-01	1.00e+00
0.00045587989991659704	-2.80e-01	1.20e+00
0.00045688073394495397	-2.60e-01	1.00e+00
0.0004578815679733111	-2.00e-01	1.20e+00
0.00045888240200166804	-2.60e-01	1.20e+00
0.00045988323603002497	-2.00e-01	8.00e-01
0.0004608840700583819	-2.40e-01	8.00e-01
0.0004618849040867388	-1.80e-01	1.20e+00
0.00046288573811509575	-1.80e-01	6.00e-01
0.0004638865721434529	-2.40e-01	1.20e+00
0.0004648874061718098	-1.60e-01	1.00e+00
0.00046588824020016675	-2.20e-01	6.00e-01
0.00046688907422852367	-2.00e-01	1.00e+00
0.0004678899082568806	-1.40e-01	6.00e-01
0.00046889074228523774	-1.80e-01	8.00e-01
0.00046989157631359467	-1.40e-01	6.00e-01
0.0004708924103419516	-1.20e-01	8.00e-01
0.0004718932443703085	-1.80e-01	4.00e-01
0.00047289407839866545	-1.60e-01	8.00e-01
0.0004738949124270224	-1.00e-01	4.00e-01
0.0004748957464553795	-1.00e-01	4.00e-01
0.00047589658048373645	-1.60e-01	6.00e-01
0.0004768974145120934	-1.40e-01	6.00e-01
0.0004778982485404503	-8.00e-02	4.00e-01
0.00047889908256880723	-1.20e-01	6.00e-01
0.00047989991659716416	-8.00e-02	2.00e-01
0.0004809007506255213	-1.20e-01	2.00e-01
0.00048190158465387823	-6.00e-02	6.00e-01
0.00048290241868223515	-6.00e-02	4.00e-01
0.0004839032527105921	-1.20e-01	2.00e-01
0.000484904086738949	-1.00e-01	2.00e-01
0.00048590492076730594	-4.00e-02	4.00e-01
0.0004869057547956631	-4.00e-02	4.00e-01
0.00048790658882402	-8.00e-02	0.00e+00
0.0004889074228523769	-8.00e-02	0.00e+00
0.0004899082568807339	-2.00e-02	4.00e-01
0.0004909090909090908	-2.00e-02	0.00e+00
0.0004919099249374477	-6.00e-02	2.00e-01
0.0004929107589658049	-6.00e-02	2.00e-01
0.0004939115929941618	0.00e+00	-2.00e-01
0.0004949124270225187	-4.00e-02	2.00e-01
0.0004959132610508756	0.00e+00	-2.00e-01
0.0004969140950792326	2.00e-02	0.00e+00
0.0004979149291075895	-4.00e-02	-2.00e-01
0.0004989157631359466	-2.00e-02	-2.00e-01
0.0004999165971643036	4.00e-02	-4.00e-01
0.0005009174311926605	4.00e-02	-2.00e-01
0.0005019182652210174	-2.00e-02	-6.00e-01
0.0005029190992493743	0.00e+00	-6.00e-01
0.0005039199332777315	6.00e-02	-2.00e-01
0.0005049207673060884	0.00e+00	-4.00e-01
0.0005059216013344453	6.00e-02	-6.00e-01
0.0005069224353628023	2.00e-02	-4.00e-01
0.0005079232693911592	8.00e-02	-8.00e-01
0.0005089241034195161	2.00e-02	-8.00e-01
0.0005099249374478733	8.00e-02	-4.00e-01
0.0005109257714762302	4.00e-02	-6.00e-01
0.0005119266055045871	1.00e-01	-8.00e-01
0.000512927439532944	6.00e-02	-1.00e+00
0.000513928273561301	1.20e-01	-4.00e-01
0.0005149291075896579	8.00e-02	-6.00e-01
0.000515929941618015	1.40e-01	-1.00e+00
0.000516930775646372	8.00e-02	-6.00e-01
0.0005179316096747289	1.40e-01	-1.00e+00
0.0005189324437030858	1.00e-01	-1.00e+00
0.0005199332777314428	1.60e-01	-8.00e-01
0.0005209341117597997	1.60e-01	-8.00e-01
0.0005219349457881568	1.00e-01	-1.20e+00
0.0005229357798165138	1.20e-01	-1.20e+00
0.0005239366138448707	1.80e-01	-8.00e-01
0.0005249374478732276	1.80e-01	-1.00e+00
0.0005259382819015845	1.20e-01	-1.20e+00
0.0005269391159299415	1.40e-01	-1.20e+00
0.0005279399499582986	2.00e-01	-1.00e+00
0.0005289407839866555	2.00e-01	-1.00e+00
0.0005299416180150125	1.60e-01	-1.40e+00
0.0005309424520433694	1.60e-01	-1.40e+00
0.0005319432860717263	2.20e-01	-1.00e+00
0.0005329441201000832	1.60e-01	-1.20e+00
0.0005339449541284404	2.20e-01	-1.40e+00
0.0005349457881567973	1.80e-01	-1.20e+00
0.0005359466221851542	2.40e-01	-1.60e+00
0.0005369474562135112	2.40e-01	-1.60e+00
0.0005379482902418681	2.00e-01	-1.20e+00
0.000538949124270225	2.00e-01	-1.60e+00
0.0005399499582985822	2.60e-01	-1.40e+00
0.0005409507923269391	2.20e-01	-1.40e+00
0.000541951626355296	2.60e-01	-1.80e+00
0.0005429524603836529	2.20e-01	-1.40e+00
0.0005439532944120099	2.80e-01	-1.80e+00
0.000544954128440367	2.80e-01	-1.80e+00
0.0005459549624687239	2.40e-01	-1.40e+00
0.0005469557964970809	2.40e-01	-1.80e+00
0.0005479566305254378	3.00e-01	-1.60e+00
0.0005489574645537947	2.60e-01	-1.60e+00
0.0005499582985821516	3.20e-01	-2.00e+00
0.0005509591326105088	3.20e-01	-2.00e+00
0.0005519599666388657	2.60e-01	-1.60e+00
0.0005529608006672226	2.80e-01	-2.00e+00
0.0005539616346955796	3.40e-01	-2.00e+00
0.0005549624687239365	3.40e-01	-2.00e+00
0.0005559633027522934	3.00e-01	-2.40e+00
0.0005569641367806506	3.00e-01	-2.00e+00
0.0005579649708090075	3.60e-01	-2.40e+00
0.0005589658048373644	3.80e-01	-2.40e+00
0.0005599666388657214	3.20e-01	-2.00e+00
0.0005609674728940783	4.00e-01	-2.60e+00
0.0005619683069224352	3.20e-01	-2.00e+00
0.0005629691409507923	3.60e-01	-2.20e+00
0.0005639699749791493	4.00e-01	-2.60e+00
0.0005649708090075062	3.60e-01	-2.60e+00
0.0005659716430358631	4.20e-01	-2.20e+00
0.0005669724770642201	3.80e-01	-2.40e+00
0.000567973311092577	4.20e-01	-2.80e+00
0.0005689741451209341	3.80e-01	-2.40e+00
0.000569974979149291	4.40e-01	-2.80e+00
0.000570975813177648	4.40e-01	-2.60e+00
0.0005719766472060049	4.00e-01	-2.80e+00
0.0005729774812343618	4.00e-01	-2.60e+00
0.0005739783152627188	4.60e-01	-3.00e+00
0.0005749791492910759	4.20e-01	-2.60e+00
0.0005759799833194328	4.60e-01	-3.00e+00
0.0005769808173477898	4.20e-01	-2.80e+00
0.0005779816513761467	4.80e-01	-3.20e+00
0.0005789824854045036	4.80e-01	-2.80e+00
0.0005799833194328605	4.20e-01	-3.20e+00
0.0005809841534612177	5.00e-01	-3.20e+00
0.0005819849874895746	4.40e-01	-2.80e+00
0.0005829858215179315	5.00e-01	-3.00e+00
0.0005839866555462885	4.60e-01	-3.40e+00
0.0005849874895746454	4.60e-01	-3.40e+00
0.0005859883236030025	5.20e-01	-3.00e+00
0.0005869891576313595	4.80e-01	-3.40e+00
0.0005879899916597164	5.40e-01	-3.00e+00
0.0005889908256880733	4.80e-01	-3.20e+00
0.0005899916597164302	5.40e-01	-3.60e+00
0.0005909924937447872	5.00e-01	-3.60e+00
0.0005919933277731443	5.60e-01	-3.20e+00
0.0005929941618015012	5.60e-01	-3.40e+00
0.0005939949958298582	5.00e-01	-3.80e+00
0.0005949958298582151	5.20e-01	-3.40e+00
0.000595996663886572	5.80e-01	-3.80e+00
0.000596997497914929	5.80e-01	-3.80e+00
0.0005979983319432861	5.20e-01	-3.80e+00
0.000598999165971643	5.40e-01	-3.80e+00
0.0006	6.00e-01	-4.00e+00
